square = [0.5085000000000001, 0.5735000000000001], [(0.4303371232494287, 0.6083003548555901), (0.5433003548555899, 0.6516628767505714), (0.5866628767505714, 0.53869964514441), (0.47369964514441, 0.4953371232494287)] ,339
circle = [0.31, 0.5890000000000001], 0.074 ,0
triangle = [0.22633333333333336, 0.38900000000000007], [(0.2457964780787241, 0.44609609246172416), (0.26583142259326126, 0.3430252381997195), (0.16737209932801467, 0.3778786693385566)] ,79
diamond = [0.496, 0.1985], [(0.537627898781459, 0.28777131702311004), (0.5431280049259057, 0.1765238503894837), (0.4543721012185411, 0.10922868297689003), (0.44887199507409425, 0.22047614961051643)] ,25
pentagon = [0.264, 0.10000000000000009], [(0.334, 0.10000000000000009), (0.28563118960624634, 0.03342604385933934), (0.20736881039375368, 0.058855032339526825), (0.20736881039375368, 0.14114496766047313), (0.28563118960624634, 0.16657395614066084)] ,101
